chrom	pos	period	prior	family	child	phenotype	posterior	newallele	mutsize	inparents	poocase	isnew	case_count	ctrl_count	unk_count	child_gt	mat_gt	pat_gt	encl_child	encl_mother	encl_father	encl_parent	long_mother	long_father	str_id
1	16882581	4	0.001	GIAB	HG002_NA24385_son	1	1.0	8	-1	0	4	1	0	0	0	6,8	6,9	6,9	0	0	0	0	0	0	1_16882581
1	16899948	4	0.001	GIAB	HG002_NA24385_son	1	1.0	11	3	0	4	1	0	0	0	8,11	8,8	8,8	0	0	0	0	0	0	1_16899948
1	65895933	3	0.001	GIAB	HG002_NA24385_son	1	0.9521129999999999	14	1	0	4	1	0	0	0	13,14	10,13	12,13	0	0	0	0	0	0	1_65895933
1	143646054	2	0.001	GIAB	HG002_NA24385_son	1	0.9808370000000001	10	-9	1	2	0	0	1	1	10,18	10,18	19,19	0	0	0	0	0	0	1_143646054
1	143676185	4	0.001	GIAB	HG002_NA24385_son	1	1.0	5	-1	1	2	0	0	2	2	5,5	5,5	6,6	0	0	0	0	0	0	1_143676185
1	152082757	2	0.001	GIAB	HG002_NA24385_son	1	1.0	30	-2	1	3	1	0	0	0	30,30	15,32	30,33	0	0	0	0	0	0	1_152082757
1	155689908	2	0.001	GIAB	HG002_NA24385_son	1	0.998551	10	1	0	4	1	0	1	0	10,9	9,9	9,9	0	0	0	0	0	0	1_155689908
1	193971108	4	0.001	GIAB	HG002_NA24385_son	1	1.0	12	-1	1	2	0	0	1	1	12,11	12,11	10,13	0	0	0	0	0	0	1_193971108
1	218616558	2	0.001	GIAB	HG002_NA24385_son	1	1.0	25	2	0	2	1	0	0	0	16,25	8,16	8,23	0	0	0	0	0	0	1_218616558
2	42958287	2	0.001	GIAB	HG002_NA24385_son	1	0.994603	8	1	0	4	1	0	0	0	7,8	7,7	7,7	0	0	0	0	0	0	2_42958287
2	48515217	2	0.001	GIAB	HG002_NA24385_son	1	0.900544	25	1	0	2	1	0	0	0	19,25	19,20	24,24	0	0	0	0	0	0	2_48515217
2	116834017	4	0.001	GIAB	HG002_NA24385_son	1	1.0	14	1	0	2	1	0	0	0	12,14	12,5	13,13	0	0	0	0	0	0	2_116834017
2	136802640	2	0.001	GIAB	HG002_NA24385_son	1	1.0	27	1	0	2	1	0	0	0	24,27	13,24	21,26	0	0	0	0	0	0	2_136802640
2	138939366	2	0.001	GIAB	HG002_NA24385_son	1	1.0	23	2	0	3	1	0	0	0	23,18	25,21	18,18	0	0	0	0	0	0	2_138939366
2	141795858	2	0.001	GIAB	HG002_NA24385_son	1	1.0	27	-2	0	3	1	0	0	0	27,28	8,29	28,31	0	0	0	0	0	0	2_141795858
2	176228140	2	0.001	GIAB	HG002_NA24385_son	1	0.9679780000000001	21	-1	0	4	1	0	0	0	14,21	12,14	14,22	0	0	0	0	0	0	2_176228140
2	187161208	2	0.001	GIAB	HG002_NA24385_son	1	0.991749	24	-1	0	3	1	0	0	0	18,24	25,26	18,26	0	0	0	0	0	0	2_187161208
2	187341097	2	0.001	GIAB	HG002_NA24385_son	1	1.0	22	-2	0	2	1	0	0	0	22,26	26,30	24,29	0	0	0	0	0	0	2_187341097
2	189290718	2	0.001	GIAB	HG002_NA24385_son	1	1.0	24	1	0	3	1	0	0	0	19,24	22,23	19,19	0	0	0	0	0	0	2_189290718
2	207472124	3	0.001	GIAB	HG002_NA24385_son	1	0.9891719999999999	17	1	1	3	1	0	0	0	17,17	7,16	15,17	0	0	0	0	0	0	2_207472124
2	211093989	2	0.001	GIAB	HG002_NA24385_son	1	1.0	20	2	0	4	1	0	0	0	18,20	18,18	18,18	0	0	0	0	0	0	2_211093989
2	212349288	2	0.001	GIAB	HG002_NA24385_son	1	1.0	15	-1	0	2	1	0	0	0	17,15	17,16	16,16	0	0	0	0	0	0	2_212349288
2	226661474	2	0.001	GIAB	HG002_NA24385_son	1	0.997041	17	1	0	4	1	0	0	0	16,17	16,16	16,16	0	0	0	0	0	0	2_226661474
2	232944727	2	0.001	GIAB	HG002_NA24385_son	1	1.0	24	1	0	3	1	0	0	0	20,24	11,23	20,26	0	0	0	0	0	0	2_232944727
3	10690433	4	0.001	GIAB	HG002_NA24385_son	1	1.0	11	1	0	2	1	0	1	0	11,12	10,12	10,10	0	0	0	0	0	0	3_10690433
3	29779707	2	0.001	GIAB	HG002_NA24385_son	1	1.0	23	-1	0	4	1	0	0	0	9,23	9,25	9,24	0	0	0	0	0	0	3_29779707
3	87257943	3	0.001	GIAB	HG002_NA24385_son	1	1.0	14	1	0	3	1	0	0	0	14,15	13,16	15,17	0	0	0	0	0	0	3_87257943
3	96399932	4	0.001	GIAB	HG002_NA24385_son	1	1.0	14	1	0	4	1	0	1	0	12,14	12,13	12,12	0	0	0	0	0	0	3_96399932
3	101040135	2	0.001	GIAB	HG002_NA24385_son	1	0.962822	30	-1	0	3	0	0	1	1	20,30	25,31	17,20	0	0	0	0	0	0	3_101040135
3	106204330	2	0.001	GIAB	HG002_NA24385_son	1	1.0	22	2	0	4	1	0	0	0	19,22	19,20	9,19	0	0	0	0	0	0	3_106204330
3	117155537	2	0.001	GIAB	HG002_NA24385_son	1	1.0	35	10	0	3	1	0	0	0	17,35	22,25	17,27	0	0	0	0	0	0	3_117155537
3	131708958	2	0.001	GIAB	HG002_NA24385_son	1	1.0	30	-1	0	2	1	0	0	0	16,30	16,20	22,31	0	0	0	0	0	0	3_131708958
3	147223455	2	0.001	GIAB	HG002_NA24385_son	1	1.0	27	1	0	3	1	0	0	0	12,27	24,26	12,12	0	0	0	0	0	0	3_147223455
3	174654061	2	0.001	GIAB	HG002_NA24385_son	1	0.994323	21	1	0	4	1	0	0	0	20,21	20,20	20,20	0	0	0	0	0	0	3_174654061
4	17174640	2	0.001	GIAB	HG002_NA24385_son	1	1.0	27	1	0	2	1	0	0	0	21,27	21,22	22,26	0	0	0	0	0	0	4_17174640
4	34179004	4	0.001	GIAB	HG002_NA24385_son	1	1.0	13	1	0	2	1	0	0	0	8,13	8,10	11,12	0	0	0	0	0	0	4_34179004
4	42763303	2	0.001	GIAB	HG002_NA24385_son	1	1.0	26	-1	0	2	1	0	0	0	17,26	17,23	24,27	0	0	0	0	0	0	4_42763303
4	69127280	2	0.001	GIAB	HG002_NA24385_son	1	1.0	22	1	0	4	1	0	0	0	26,22	26,21	26,26	0	0	0	0	0	0	4_69127280
4	69323894	7	0.001	GIAB	HG002_NA24385_son	1	1.0	3	-1	1	3	0	0	2	2	3,3	4,4	3,3	0	0	0	0	0	0	4_69323894
4	97729064	2	0.001	GIAB	HG002_NA24385_son	1	1.0	29	1	0	2	1	0	0	0	15,29	15,27	26,28	0	0	0	0	0	0	4_97729064
4	133554926	2	0.001	GIAB	HG002_NA24385_son	1	1.0	22	1	0	2	1	0	0	0	22,25	20,25	19,21	0	0	0	0	0	0	4_133554926
4	159786557	4	0.001	GIAB	HG002_NA24385_son	1	0.96336	13	1	1	2	1	0	0	0	13,13	10,13	11,12	0	0	0	0	0	0	4_159786557
4	159923885	2	0.001	GIAB	HG002_NA24385_son	1	0.9977530000000001	24	1	0	4	1	0	0	0	23,24	20,23	23,23	0	0	0	0	0	0	4_159923885
4	173745084	2	0.001	GIAB	HG002_NA24385_son	1	1.0	17	-1	0	4	1	0	0	0	18,17	18,20	18,20	0	0	0	0	0	0	4_173745084
4	176905166	2	0.001	GIAB	HG002_NA24385_son	1	1.0	29	1	0	2	1	0	0	0	13,29	23,13	24,28	0	0	0	0	0	0	4_176905166
4	181691236	2	0.001	GIAB	HG002_NA24385_son	1	1.0	11	1	0	4	1	0	1	0	8,11	10,8	10,8	0	0	0	0	0	0	4_181691236
5	5370904	2	0.001	GIAB	HG002_NA24385_son	1	1.0	21	2	0	3	1	0	0	0	21,23	17,19	19,23	0	0	0	0	0	0	5_5370904
5	13823547	5	0.001	GIAB	HG002_NA24385_son	1	1.0	1	-1	0	4	1	0	0	0	2,1	2,2	2,2	0	0	0	0	0	0	5_13823547
5	16974747	2	0.001	GIAB	HG002_NA24385_son	1	1.0	6	-1	0	4	1	0	0	0	7,6	7,7	7,7	0	0	0	0	0	0	5_16974747
5	77551981	5	0.001	GIAB	HG002_NA24385_son	1	1.0	14	1	0	2	1	0	0	0	10,14	10,15	13,16	0	0	0	0	0	0	5_77551981
5	77664359	4	0.001	GIAB	HG002_NA24385_son	1	1.0	13	1	0	4	1	0	1	0	13,11	11,11	11,12	0	0	0	0	0	0	5_77664359
5	102383096	2	0.001	GIAB	HG002_NA24385_son	1	1.0	19	1	0	4	1	0	0	0	8,19	8,18	8,8	0	0	0	0	0	0	5_102383096
5	107498957	4	0.001	GIAB	HG002_NA24385_son	1	1.0	13	1	1	2	1	0	0	0	13,13	12,13	12,12	0	0	0	0	0	0	5_107498957
5	110490122	4	0.001	GIAB	HG002_NA24385_son	1	1.0	20	-1	0	2	1	0	0	0	19,20	15,19	17,21	0	0	0	0	0	0	5_110490122
5	140098656	4	0.001	GIAB	HG002_NA24385_son	1	1.0	13	1	0	4	1	0	0	0	12,13	12,12	12,11	0	0	0	0	0	0	5_140098656
5	146002470	4	0.001	GIAB	HG002_NA24385_son	1	1.0	15	-1	1	3	1	0	0	0	15,18	16,19	15,18	0	0	0	0	0	0	5_146002470
5	154426302	5	0.001	GIAB	HG002_NA24385_son	1	0.9484360000000001	8	3	1	2	1	0	0	0	8,8	7,8	5,5	0	0	0	0	0	0	5_154426302
5	159212677	2	0.001	GIAB	HG002_NA24385_son	1	1.0	17	1	0	2	0	0	1	1	17,18	18,19	16,20	0	0	0	0	0	0	5_159212677
5	161428289	2	0.001	GIAB	HG002_NA24385_son	1	0.998224	18	1	0	4	1	0	0	0	17,18	17,17	17,17	0	0	0	0	0	0	5_161428289
5	179391443	2	0.001	GIAB	HG002_NA24385_son	1	0.998898	20	-1	0	3	1	0	0	0	10,20	21,25	10,22	0	0	0	0	0	0	5_179391443
6	1172138	2	0.001	GIAB	HG002_NA24385_son	1	1.0	15	-1	1	3	1	0	0	0	15,15	16,25	15,25	0	0	0	0	0	0	6_1172138
6	48890594	2	0.001	GIAB	HG002_NA24385_son	1	1.0	23	-1	0	3	0	0	0	1	8,23	21,24	22,8	0	0	0	0	0	0	6_48890594
6	86089722	2	0.001	GIAB	HG002_NA24385_son	1	1.0	7	1	0	4	0	0	0	1	6,7	6,6	6,6	0	0	0	0	0	0	6_86089722
6	102006369	2	0.001	GIAB	HG002_NA24385_son	1	1.0	15	-1	0	3	0	0	0	1	13,15	16,16	13,13	0	0	0	0	0	0	6_102006369
6	104550308	2	0.001	GIAB	HG002_NA24385_son	1	1.0	22	-1	1	3	0	0	1	1	22,21	19,23	22,21	0	0	0	0	0	0	6_104550308
6	125216530	2	0.001	GIAB	HG002_NA24385_son	1	1.0	24	1	0	2	0	0	1	1	19,24	14,19	23,14	0	0	0	0	0	0	6_125216530
6	127642346	2	0.001	GIAB	HG002_NA24385_son	1	0.905839	8	-1	0	3	1	0	0	0	8,10	11,9	11,10	0	0	0	0	0	0	6_127642346
6	131503922	2	0.001	GIAB	HG002_NA24385_son	1	1.0	19	1	0	2	1	0	1	0	12,19	12,12	18,18	0	0	0	0	0	0	6_131503922
7	12858368	4	0.001	GIAB	HG002_NA24385_son	1	1.0	11	1	0	4	1	0	1	0	11,10	10,12	10,12	0	0	0	0	0	0	7_12858368
7	52978857	2	0.001	GIAB	HG002_NA24385_son	1	1.0	23	-1	0	2	1	0	0	0	10,23	10,18	16,24	0	0	0	0	0	0	7_52978857
7	85582703	2	0.001	GIAB	HG002_NA24385_son	1	1.0	24	1	0	3	1	0	0	0	20,24	11,23	11,20	0	0	0	0	0	0	7_85582703
7	113814730	2	0.001	GIAB	HG002_NA24385_son	1	1.0	25	1	0	3	1	0	0	0	22,25	9,24	20,22	0	0	0	0	0	0	7_113814730
7	118196701	4	0.001	GIAB	HG002_NA24385_son	1	1.0	12	-1	0	4	0	0	0	1	9,12	8,9	9,13	0	0	0	0	0	0	7_118196701
8	37687085	2	0.001	GIAB	HG002_NA24385_son	1	0.921003	22	-1	0	3	0	0	1	1	16,22	23,24	16,29	0	0	0	0	0	0	8_37687085
8	40065860	2	0.001	GIAB	HG002_NA24385_son	1	1.0	25	-1	0	2	1	0	0	0	8,25	8,12	12,26	0	0	0	0	0	0	8_40065860
8	46763069	2	0.001	GIAB	HG002_NA24385_son	1	1.0	23	-1	0	3	1	0	0	0	22,23	8,24	22,22	0	0	0	0	0	0	8_46763069
8	63456198	2	0.001	GIAB	HG002_NA24385_son	1	0.994813	20	-1	0	4	1	0	0	0	20,21	21,21	16,21	0	0	0	0	0	0	8_63456198
8	67560161	2	0.001	GIAB	HG002_NA24385_son	1	1.0	12	-1	1	2	1	0	0	0	12,12	12,12	9,13	0	0	0	0	0	0	8_67560161
8	75634100	2	0.001	GIAB	HG002_NA24385_son	1	1.0	22	1	0	2	1	0	0	0	14,22	14,21	15,21	0	0	0	0	0	0	8_75634100
8	78474105	2	0.001	GIAB	HG002_NA24385_son	1	1.0	27	1	0	2	1	0	1	0	27,25	25,25	22,26	0	0	0	0	0	0	8_78474105
8	95742194	5	0.001	GIAB	HG002_NA24385_son	1	1.0	2	-1	0	4	1	0	0	0	3,2	3,3	3,3	0	0	0	0	0	0	8_95742194
8	100918409	2	0.001	GIAB	HG002_NA24385_son	1	1.0	27	-1	0	2	1	0	0	0	21,27	21,25	20,28	0	0	0	0	0	0	8_100918409
8	117450996	2	0.001	GIAB	HG002_NA24385_son	1	0.993542	19	-1	0	2	1	0	0	0	14,19	14,16	20,20	0	0	0	0	0	0	8_117450996
8	119649412	5	0.001	GIAB	HG002_NA24385_son	1	1.0	5	1	0	4	1	0	0	0	4,5	4,4	4,4	0	0	0	0	0	0	8_119649412
9	4871943	5	0.001	GIAB	HG002_NA24385_son	1	1.0	15	2	1	2	0	0	1	1	15,14	15,14	12,13	0	0	0	0	0	0	9_4871943
9	15363371	2	0.001	GIAB	HG002_NA24385_son	1	0.9984059999999999	24	-1	0	4	0	0	1	2	24,25	25,26	20,25	0	0	0	0	0	0	9_15363371
9	28664997	2	0.001	GIAB	HG002_NA24385_son	1	1.0	19	-1	0	2	1	0	0	0	17,19	11,17	20,22	0	0	0	0	0	0	9_28664997
9	109844932	2	0.001	GIAB	HG002_NA24385_son	1	0.9967540000000001	14	-2	1	2	0	0	1	1	14,15	14,15	16,17	0	0	0	0	0	0	9_109844932
10	24895689	2	0.001	GIAB	HG002_NA24385_son	1	1.0	21	-2	1	2	0	0	1	1	21,22	21,22	19,23	0	0	0	0	0	0	10_24895689
10	55374085	3	0.001	GIAB	HG002_NA24385_son	1	1.0	16	1	0	4	1	0	0	0	11,16	11,15	11,14	0	0	0	0	0	0	10_55374085
10	60382798	2	0.001	GIAB	HG002_NA24385_son	1	1.0	14	1	0	4	1	0	1	0	14,13	12,13	13,15	0	0	0	0	0	0	10_60382798
10	104439705	3	0.001	GIAB	HG002_NA24385_son	1	1.0	16	1	0	4	1	0	0	0	9,16	9,9	9,15	0	0	0	0	0	0	10_104439705
10	104751925	2	0.001	GIAB	HG002_NA24385_son	1	1.0	27	1	0	2	1	0	0	0	24,27	24,28	17,26	0	0	0	0	0	0	10_104751925
10	111599233	2	0.001	GIAB	HG002_NA24385_son	1	1.0	27	-2	0	2	1	0	0	0	22,27	9,22	8,29	0	0	0	0	0	0	10_111599233
11	55608898	2	0.001	GIAB	HG002_NA24385_son	1	1.0	24	3	1	2	1	0	0	0	24,24	19,24	21,21	0	0	0	0	0	0	11_55608898
11	83633744	2	0.001	GIAB	HG002_NA24385_son	1	1.0	24	2	0	3	1	0	0	0	21,24	19,22	20,21	0	0	0	0	0	0	11_83633744
11	109393194	4	0.001	GIAB	HG002_NA24385_son	1	1.0	11	-1	1	2	1	0	0	0	11,11	11,14	13,12	0	0	0	0	0	0	11_109393194
11	111971725	6	0.001	GIAB	HG002_NA24385_son	1	1.0	8	1	0	4	1	0	0	0	7,8	7,7	7,7	0	0	0	0	0	0	11_111971725
11	122060450	2	0.001	GIAB	HG002_NA24385_son	1	1.0	19	1	0	2	0	0	0	1	19,21	15,21	18,15	0	0	0	0	0	0	11_122060450
11	134895861	3	0.001	GIAB	HG002_NA24385_son	1	1.0	3	-1	0	4	1	0	0	0	4,3	4,4	4,4	0	0	0	0	0	0	11_134895861
12	14174695	2	0.001	GIAB	HG002_NA24385_son	1	1.0	24	2	0	4	1	0	0	0	22,24	16,22	22,22	0	0	0	0	0	0	12_14174695
12	45702015	2	0.001	GIAB	HG002_NA24385_son	1	1.0	26	-1	0	3	1	0	0	0	19,26	14,27	19,25	0	0	0	0	0	0	12_45702015
12	55369901	2	0.001	GIAB	HG002_NA24385_son	1	1.0	14	-5	1	2	0	0	1	1	14,18	14,18	9,19	0	0	0	0	0	0	12_55369901
12	95618095	3	0.001	GIAB	HG002_NA24385_son	1	1.0	8	1	1	2	1	0	0	0	8,8	7,8	7,7	0	0	0	0	0	0	12_95618095
12	131330194	4	0.001	GIAB	HG002_NA24385_son	1	0.9542799999999999	6	-4	0	4	1	0	0	0	10,6	11,10	11,10	0	0	0	0	0	0	12_131330194
13	34697991	2	0.001	GIAB	HG002_NA24385_son	1	1.0	21	1	0	2	1	0	0	0	21,22	23,22	23,20	0	0	0	0	0	0	13_34697991
13	37967366	4	0.001	GIAB	HG002_NA24385_son	1	0.997102	21	-1	0	4	1	0	0	0	12,21	11,12	12,22	0	0	0	0	0	0	13_37967366
13	61127548	2	0.001	GIAB	HG002_NA24385_son	1	1.0	30	1	0	2	1	0	0	0	27,30	12,27	20,29	0	0	0	0	0	0	13_61127548
13	65885005	2	0.001	GIAB	HG002_NA24385_son	1	1.0	17	1	1	2	1	0	0	0	17,17	10,17	16,20	0	0	0	0	0	0	13_65885005
13	78174569	4	0.001	GIAB	HG002_NA24385_son	1	1.0	11	-1	0	4	1	0	1	0	11,9	12,9	9,9	0	0	0	0	0	0	13_78174569
13	83075355	2	0.001	GIAB	HG002_NA24385_son	1	1.0	29	2	0	2	1	0	0	0	24,29	24,23	23,27	0	0	0	0	0	0	13_83075355
13	86689489	2	0.001	GIAB	HG002_NA24385_son	1	1.0	30	2	0	3	1	0	0	0	20,30	27,28	18,20	0	0	0	0	0	0	13_86689489
13	87378219	2	0.001	GIAB	HG002_NA24385_son	1	1.0	25	1	0	2	1	0	0	0	22,25	14,22	14,24	0	0	0	0	0	0	13_87378219
13	87992034	2	0.001	GIAB	HG002_NA24385_son	1	1.0	29	-1	0	4	1	0	0	0	17,29	17,9	17,30	0	0	0	0	0	0	13_87992034
13	88847454	2	0.001	GIAB	HG002_NA24385_son	1	1.0	23	1	0	3	1	0	0	0	18,23	16,22	18,12	0	0	0	0	0	0	13_88847454
13	106714752	3	0.001	GIAB	HG002_NA24385_son	1	1.0	15	-2	0	3	1	0	0	0	12,15	7,17	12,17	0	0	0	0	0	0	13_106714752
14	23229221	2	0.001	GIAB	HG002_NA24385_son	1	1.0	24	2	1	2	1	0	0	0	24,24	24,29	16,22	0	0	0	0	0	0	14_23229221
14	38818308	2	0.001	GIAB	HG002_NA24385_son	1	1.0	15	-1	1	2	1	0	0	0	15,22	15,22	13,16	0	0	0	0	0	0	14_38818308
14	46485731	2	0.001	GIAB	HG002_NA24385_son	1	1.0	20	2	0	2	0	0	0	1	16,20	16,23	8,18	0	0	0	0	0	0	14_46485731
15	41289673	2	0.001	GIAB	HG002_NA24385_son	1	1.0	28	-1	0	2	1	0	0	0	23,28	8,23	24,29	0	0	0	0	0	0	15_41289673
15	60671068	2	0.001	GIAB	HG002_NA24385_son	1	1.0	17	-1	0	2	0	0	0	1	17,24	11,24	10,18	0	0	0	0	0	0	15_60671068
16	8407893	2	0.001	GIAB	HG002_NA24385_son	1	1.0	28	2	0	3	1	0	0	0	16,28	19,26	16,19	0	0	0	0	0	0	16_8407893
16	14096052	4	0.001	GIAB	HG002_NA24385_son	1	1.0	13	-1	0	2	1	0	0	0	10,13	10,10	12,14	0	0	0	0	0	0	16_14096052
16	80590820	3	0.001	GIAB	HG002_NA24385_son	1	1.0	16	-2	0	3	1	0	0	0	11,16	13,18	11,15	0	0	0	0	0	0	16_80590820
16	89426530	2	0.001	GIAB	HG002_NA24385_son	1	1.0	15	-4	0	4	1	0	0	0	15,21	19,21	21,21	0	0	0	0	0	0	16_89426530
17	27921783	4	0.001	GIAB	HG002_NA24385_son	1	0.998898	13	1	0	4	1	0	0	0	12,13	9,12	9,12	0	0	0	0	0	0	17_27921783
17	36182339	2	0.001	GIAB	HG002_NA24385_son	1	0.9945719999999999	9	-1	1	3	0	0	0	1	9,9	8,10	8,9	0	0	0	0	0	0	17_36182339
17	36217593	4	0.001	GIAB	HG002_NA24385_son	1	1.0	7	-5	1	3	1	0	0	0	7,7	12,12	7,13	0	0	0	0	0	0	17_36217593
18	1060266	2	0.001	GIAB	HG002_NA24385_son	1	1.0	30	-1	0	2	1	0	1	0	25,30	25,26	27,31	0	0	0	0	0	0	18_1060266
18	60919039	4	0.001	GIAB	HG002_NA24385_son	1	0.978672	11	1	0	4	1	0	0	0	10,11	10,12	10,9	0	0	0	0	0	0	18_60919039
18	77513800	4	0.001	GIAB	HG002_NA24385_son	1	0.963648	5	-1	1	3	1	0	0	0	5,5	6,6	5,5	0	0	0	0	0	0	18_77513800
19	53293219	2	0.001	GIAB	HG002_NA24385_son	1	1.0	23	-1	0	3	1	0	1	0	21,23	22,24	22,21	0	0	0	0	0	0	19_53293219
20	21787364	2	0.001	GIAB	HG002_NA24385_son	1	1.0	22	-2	0	4	1	0	0	0	22,26	24,27	24,25	0	0	0	0	0	0	20_21787364
20	29475942	3	0.001	GIAB	HG002_NA24385_son	1	0.996337	2	-2	0	4	1	0	0	0	4,2	4,4	4,4	0	0	0	0	0	0	20_29475942
20	55024682	2	0.001	GIAB	HG002_NA24385_son	1	0.9989370000000001	22	1	0	2	1	0	0	0	22,24	21,24	20,21	0	0	0	0	0	0	20_55024682
22	27445466	3	0.001	GIAB	HG002_NA24385_son	1	1.0	18	1	0	2	1	0	0	0	15,18	14,15	16,17	0	0	0	0	0	0	22_27445466
22	42621184	2	0.001	GIAB	HG002_NA24385_son	1	0.987194	19	-1	1	2	0	0	2	1	19,19	14,19	18,20	0	0	0	0	0	0	22_42621184
22	43869746	2	0.001	GIAB	HG002_NA24385_son	1	1.0	23	1	0	2	1	0	0	0	23,25	14,25	22,27	0	0	0	0	0	0	22_43869746
